SetDesc: HERAPDF
Authors: Maral Salajegheh, Hamzeh Khanpour, Ulf-G. Meißner, Hadi Hashamipour, Maryam Soleymaninia
Reference: 2206.13788 [hep-ph]; Phys.Rev.D 106 (2022) 5, 054012
Format: lhagrid1
DataVersion: 1
NumMembers: 19
Flavors: [-6, -5, -4, -3, -2, -1, 1, 2, 3, 4, 5, 6, 21]
OrderQCD: 1
FlavorScheme: variable
ErrorType: hessian
XMin: 9.9e-07
XMax: 1
QMin: 1
QMax: 14317.8
MZ: 91.1876
MUp: 0
MDown: 0
MStrange: 0
MCharm: 1.43
MBottom: 4.5
MTop: 173
AlphaS_MZ: 0.1185
AlphaS_OrderQCD: 1
AlphaS_Type: ipol
AlphaS_Qs: [1, 1.10292, 1.21644, 1.34164, 1.37047, 1.39992, 1.43,1.43, 1.50308, 1.5799, 1.66064, 1.74551, 1.83472, 1.92849, 2.02705, 2.13064, 2.23953, 2.35399, 2.47429, 2.60074, 2.73366, 2.87337, 3.02022, 3.17457, 3.33681, 3.50735, 3.68659, 3.875, 4.07304, 4.2812, 4.5,4.5, 4.86092, 5.25078, 5.67191, 6.12682, 6.61822, 7.14903, 7.72241, 8.34177, 9.01081, 9.73352, 10.5142, 11.3575, 12.2684, 13.2523, 14.3152, 15.4634, 16.7036, 18.0433, 19.4904, 21.0536, 22.7422, 24.5662, 26.5365, 28.6649, 30.9639, 33.4473, 36.1299, 39.0277, 42.1579, 45.5391, 49.1915, 53.1368, 57.3986, 62.0022, 66.975, 72.3467, 78.1492, 84.417, 91.1876, 99.9231, 109.495, 119.985, 131.479, 144.074, 157.876, 173,173, 191.264, 211.456, 233.78, 258.461, 285.747, 315.914, 349.265, 386.138, 426.903, 471.973, 521.8, 576.887, 637.79, 705.123, 779.565, 861.865, 952.854, 1053.45, 1164.66, 1287.62, 1423.56, 1573.84, 1740, 1923.69, 2126.78, 2351.31, 2599.54, 2873.98, 3177.39, 3512.84, 3883.69, 4293.7, 4747, 5248.15, 5802.21, 6414.76, 7091.98, 7840.69, 8668.45, 9583.6, 10595.4, 11713.9, 12950.6, 14317.8]
AlphaS_Vals: [0.459276, 0.425037, 0.395941, 0.370869, 0.365875, 0.361025, 0.356318,0.356307, 0.346738, 0.337699, 0.32915, 0.321051, 0.313366, 0.306063, 0.299114, 0.292491, 0.286173, 0.280138, 0.274367, 0.268841, 0.263546, 0.258467, 0.25359, 0.248904, 0.244396, 0.240057, 0.235877, 0.231848, 0.22796, 0.224207, 0.220581,0.22058, 0.215709, 0.211057, 0.206608, 0.202349, 0.198269, 0.194355, 0.190599, 0.18699, 0.183519, 0.180179, 0.176962, 0.173862, 0.170872, 0.167986, 0.165199, 0.162506, 0.159901, 0.157382, 0.154942, 0.152579, 0.150289, 0.148069, 0.145915, 0.143825, 0.141795, 0.139823, 0.137907, 0.136044, 0.134231, 0.132468, 0.130751, 0.12908, 0.127451, 0.125864, 0.124317, 0.122809, 0.121337, 0.119902, 0.1185, 0.116881, 0.115306, 0.113775, 0.112284, 0.110833, 0.109419, 0.108042,0.108042, 0.106712, 0.105415, 0.104149, 0.102914, 0.101708, 0.100531, 0.0993807, 0.098257, 0.0971587, 0.0960851, 0.0950352, 0.0940084, 0.0930038, 0.0920207, 0.0910584, 0.0901163, 0.0891938, 0.0882902, 0.0874049, 0.0865374, 0.0856872, 0.0848538, 0.0840365, 0.0832351, 0.082449, 0.0816777, 0.080921, 0.0801782, 0.0794492, 0.0787334, 0.0780306, 0.0773403, 0.0766623, 0.0759961, 0.0753416, 0.0746984, 0.0740662, 0.0734447, 0.0728336, 0.0722328, 0.0716419, 0.0710606, 0.0704888, 0.0699263]
